27225
456062
85732
500
2646000
32538
47589
309031
143600
48468
141874
109711
1390000
85311
433403
309000
309031
141000
141874
88255
223044
51133
86947
9000
41925
48000
112991
110750
1501000
62609
32690
87506
93650
868
70205
345940
143600
21605
41300
433823
44353
110750
80000
456062
50387
308549
176288
10023
7400000
68000
44000
2421000
93535
214718
227514
192000
983489
3849000
159000
309031
47823
78000
242368
322538
322538
317261
48468
92975
89000
314384
3754
2930000
1371
128000
214718
815201
27830
63820
315000
69000
63
1
7753000
212000
112991
2500000
19649
983000
87000
9730
76362
170000
309031
176938
2657
169450
24804
675218
343654
300000
11150000
143600
2288000
2870000
84792
30872
983489
137465
60000
78000
5773
2494813
1390000
69760
163000
171949
30420
149540
85860
176938
646790
3849000
78257
170488
38000
35760
350000
2524393
51343
15946000
158943
90436
143600
88868
100777